

[!] Propagation velocity!
t1 = 504.0000000000
dvdt[58] = 15.3033785736

t2 = 509.9000000000
dvdt[258] = 15.4406588744
delta_x = 1.3334000000
delta_t = 5.9000000000

!!!!!!!! Propagation velocity = 226.000000 cm/s !!!!!!!!!!
