

[!] Propagation velocity!
t1 = 504.0000000000
dvdt[58] = 15.4194581811

t2 = 510.2000000000
dvdt[258] = 15.4516750825
delta_x = 1.3334000000
delta_t = 6.2000000000

!!!!!!!! Propagation velocity = 215.064516 cm/s !!!!!!!!!!
