

[!] Propagation velocity!
t1 = 504.0000000000
dvdt[58] = 15.0789226536

t2 = 509.6000000000
dvdt[258] = 15.7970734699
delta_x = 1.3334000000
delta_t = 5.6000000000

!!!!!!!! Propagation velocity = 238.107143 cm/s !!!!!!!!!!
