

[!] Propagation velocity!
t1 = 503.2000000000
dvdt[29] = 14.6249558949

t2 = 509.7000000000
dvdt[129] = 13.6221368981
delta_x = 0.6667000000
delta_t = 6.5000000000

!!!!!!!! Propagation velocity = 102.569231 cm/s !!!!!!!!!!
