

[!] Propagation velocity!
t1 = 502.3000000000
dvdt[8] = 16.3706507021

t2 = 514.3000000000
dvdt[78] = 15.3226151830
delta_x = 2.8000000000
delta_t = 12.0000000000

!!!!!!!! Propagation velocity = 233.333333 cm/s !!!!!!!!!!
