

[!] Propagation velocity!
t1 = 503.2000000000
dvdt[29] = 14.6267562862

t2 = 507.0000000000
dvdt[129] = 16.1346218523
delta_x = 0.6667000000
delta_t = 3.8000000000

!!!!!!!! Propagation velocity = 175.447368 cm/s !!!!!!!!!!
